dataset 10 10000
Reading :0.374495
Mean and Normalize function :0.002481
Status of SVD= 0
SVD :0.021911
preprocess 0.024948
svd status 0
Eigenvalues
     12.94735432 -6.509944797e-07  5.976606303e-07 -2.168186484e-07 -5.600765576e-07  1.643660852e-07 -4.200218839e-08 -2.068370009e-07  4.678794241e-08  7.291978221e-08
               0       8.39741993  1.000641419e-07 -1.822546665e-06  4.237645328e-07 -1.120345814e-06 -8.222519199e-08 -7.494360261e-07    1.3430124e-06  9.909089158e-07
               0                0      4.522816658  1.471118054e-07  2.567953743e-07  4.126592899e-07 -2.816288429e-07  6.521128739e-07  2.522639591e-07  4.501721946e-07
               0                0                0      2.576259375  2.495923468e-07 -3.230620749e-08  3.010774918e-08  3.003849613e-08  3.547415162e-08  2.007783024e-07
               0                0                0                0      1.954844952 -1.539678962e-08  4.805681897e-07 -7.630771393e-08 -2.496789193e-07 -1.900550899e-07
               0                0                0                0                0      1.495542288 -4.721843254e-07  7.744336585e-07 -2.391637111e-08 -9.006354844e-07
               0                0                0                0                0                0     0.7171286345  3.827806836e-07 -7.618154996e-08 -1.552187285e-07
               0                0                0                0                0                0                0     0.4648215473 -1.734263151e-07 -4.444720219e-07
               0                0                0                0                0                0                0                0    0.01190413162  3.388049663e-07
               0                0                0                0                0                0                0                0                0    0.02679536305
EigenVectors
   0.2190165371    -0.296871841    0.1897892207   -0.1947544515    -0.517980516    0.5413807631   -0.2862707078    0.1725750268   -0.2151368856   -0.2655821443
   0.3879938424    0.4492444694  -0.03342971951   0.03425549716   0.02931517735   -0.3781993687   -0.3785483837    0.3213045299   0.07084616274   -0.4999009669
   0.2695072591   0.05914309993  -0.07635264844   -0.0441554524   -0.6426157355   -0.4150178432   -0.1205931678   -0.4291239977   0.03805226833    0.3616016805
   0.0698409453   -0.4240481257   -0.6705466509    0.1633418202    0.2159778923   0.05523571745   -0.4379533529   -0.2737904787   0.06562379748   -0.1349980086
  0.02929664589   -0.5998626351    0.4626732767  -0.09730456769   0.08129045367   -0.3708136976  -0.01706452109  -0.02320724167    0.4793126583    -0.202717796
    0.111066699  0.002939980244  -0.01533303689    -0.855476737    0.3389099538  -0.09010822326   -0.2018812001  -0.03485374525   -0.2046802789     0.220765233
   0.2409304976    0.3131874204    0.2818640769 -0.008296908811     0.211557433    0.3696203828  -0.01174745336   -0.6944075227    0.2248691618   -0.2237633169
   0.5726512074   -0.2304715961    -0.152215004  0.005316490307   0.08765817434   -0.1179078147    0.6288430691  -0.05759900436   -0.3555330932   -0.2213626504
  -0.3181523681    0.1203143448   -0.4010713696   -0.4361291528   -0.3088812232   0.02450607345    0.3479082584  -0.04503982514    0.3733978868   -0.4180206954
    0.472851634   0.03476977721   -0.1721137911  -0.02554606646   0.04380897805    0.3030461073    0.1036119759    0.3443417251    0.5957448483    0.4085833728
output 
  0.06086762995   -0.1024462506   0.08924153447   -0.1213368252   -0.3704735935    0.4426938295   -0.3380479813    0.2531248629    -1.971814275     -1.62244153
   0.1078286842    0.1550278664  -0.01571911946   0.02134201862   0.02096700296   -0.3092583716   -0.4470157623    0.4712742269    0.6493330002    -3.053895235
  0.07489967346   0.02040944248  -0.03590207919   -0.0275099352    -0.459616065   -0.3393653035   -0.1424046457   -0.6294187307    0.3487640321     2.209024906
  0.01940973476   -0.1463329792   -0.3153003752    0.1017659828    0.1544732004    0.0451669395   -0.5171652436   -0.4015828669     0.601467967   -0.8247029185
 0.008141930215   -0.2070040554    0.2175554186  -0.06062314287   0.05814111978   -0.3032190204  -0.02015095204  -0.03403928131     4.393089294    -1.238403201
  0.03086692281  0.001014545327 -0.007209807169   -0.5329830647     0.242397517  -0.07368262112   -0.2383951098  -0.05112181976     -1.87597537     1.348654985
  0.06695780903    0.1080765203    0.1325364113 -0.005169178825    0.1513115615    0.3022432327  -0.01387219504    -1.018523932     2.061014414    -1.366970301
   0.1591474414  -0.07953246683  -0.07157361507  0.003312304383   0.06269548088  -0.09641470015    0.7425808311  -0.08448348194    -3.258600712    -1.352304578
 -0.08841880411   0.04151876643   -0.1885893345   -0.2717192173   -0.2209201604   0.02003892325    0.4108338356  -0.06606227905     3.422338724    -2.553688765
   0.1314118057   0.01199855562  -0.08093030006  -0.01591582969   0.03133336082     0.247804597    0.1223520935    0.5050640702     5.460236073     2.496036053
Cuda initialization done

0
mul 0
mul 1
cube 0
cube 1
matrix 0
matrix 1
col 0
col 1
col 0
col 1
sym 0
svd status 0
Eigenvalues
     15.57514668 -8.754086593e-07 -5.869681559e-07 -6.459612223e-07 -3.498256831e-07  2.645423365e-06 -2.792822329e-07  1.821250976e-06  1.636581288e-07  1.002112185e-06
               0       3.72591877  6.247342412e-07  4.756294629e-07   -6.3978284e-08 -5.284942972e-07  2.722849679e-08 -3.432239737e-07 -1.390403384e-07 -1.731836647e-07
               0                0       1.50506258 -8.277282859e-08 -9.313088611e-08  8.166021814e-08  3.967813882e-07  5.098436304e-07 -1.711895834e-07 -2.089399089e-07
               0                0                0     0.7646719217  1.089648052e-07 -9.482596397e-08  1.850328744e-07 -7.948762004e-08 -1.514277237e-08 -1.834371801e-07
               0                0                0                0     0.6536901593  9.506082677e-08 -1.236913771e-08 -1.212562584e-08  1.700414032e-08 -5.164949357e-08
               0                0                0                0                0     0.4252614081 -3.533691881e-07  -2.16879144e-07   6.05336723e-08  2.991737347e-07
               0                0                0                0                0                0     0.1741482317  1.128769256e-07  1.685946245e-07  7.261025559e-08
               0                0                0                0                0                0                0     0.0114534311  2.880018997e-07  2.184678181e-07
               0                0                0                0                0                0                0                0  1.057602049e-06  3.413092742e-08
               0                0                0                0                0                0                0                0                0    0.07500588894
EigenVectors
 -0.05095962808    0.1938501745    0.2375341058   -0.4661340117   -0.1393736303    0.7067082524   0.07629587501    0.3919650018  -0.08553600311   0.02200773172
  0.04101558402   0.04331715032    0.1289512962    0.1849936843  -0.07501523942    0.1018792316   -0.6174070239   0.03078013286    0.1636392772    0.7215722799
-0.005519897211     0.136970371    0.8120746613  -0.07752578706   -0.1282951385    -0.316963166   -0.1212451011   -0.1784584224   -0.3734325767   -0.1131863818
   0.9342418313   -0.1807728112  -0.05069759861   0.04422276467  -0.05554674938    0.1113578901  -0.08336271346   0.04171412811   -0.2423341721  -0.08417808264
   0.3078507781    0.8170148134  -0.02158522792   -0.1368350089    0.1717845052    -0.213705942    0.1403657049  -0.02283994853    0.3451403379   0.06323062629
  0.03602546453   -0.1198975965   0.02680107765   -0.3796671629    0.2835187018    0.3031334281   -0.1904695481   -0.7653475404    0.1926391125  -0.08964060247
  -0.1559953541    0.4580230713   -0.3664294481    0.2326791734   0.01214850601    0.2097691149   -0.2487417161   -0.2090920806   -0.6465637684  -0.09843795002
 -0.04927391186  -0.02322772145   -0.1133064702   -0.3026264906    0.2551673651   -0.2283338755     -0.65715909    0.3851981759   0.07596663386   -0.4351553023
-0.006217733026   -0.1293042153  -0.07454302162   -0.3587507606     0.593939364   -0.2132776231    0.2001580298    0.1201256737   -0.4219591916    0.4671032429
-0.003400926245  -0.01315736584   -0.3332623839   -0.5506677628   -0.6538255811   -0.3132584393  -0.03953305259   -0.1379221976  -0.09813861549    0.1722874492
output 
  -0.01291249506     0.1004267782     0.1936193258     -0.533056438    -0.1723830849      1.083707809     0.1828275025       3.66251564     -83.17404175    0.08035772294
   0.01039280649     0.0224410519     0.1051110625      0.211553067   -0.09278195351     0.1562275738     -1.479490042     0.2876091599      159.1206055       2.63470602
 -0.001398668857    0.07095940411     0.6619400978   -0.08865609765     -0.158680737    -0.4860498607    -0.2905391455     -1.667513132     -363.1207275     -0.413282007
    0.2367245108    -0.0936518684   -0.04132473841     0.0505717881   -0.06870251894     0.1707627028    -0.1997617334     0.3897762597     -235.6424408    -0.3073628545
   0.07800531387     0.4232658744   -0.01759459823    -0.1564802825     0.2124701887     -0.327709198     0.3363577724    -0.2134161741      335.6097412     0.2308765501
   0.00912837591   -0.06211461499    0.02184615284    -0.4341756403     0.3506676853     0.4648425281    -0.4564214349     -7.151397228      187.3196411    -0.3273083568
  -0.03952715918     0.2372852266    -0.2986847758     0.2660847008    0.01502577588      0.321672231    -0.5960587859     -1.953753591     -628.7097778    -0.3594304621
    -0.012485357    -0.0120334439   -0.09235861897    -0.3460743129     0.3156015575     -0.350140512     -1.574747682      3.599286556      73.86891937     -1.588900208
 -0.001575491275   -0.06698784977   -0.06076167151    -0.4102562964      0.734608829    -0.3270523846     0.4796378911      1.122452617      -410.307373      1.705552936
-0.0008617496933  -0.006816356443    -0.2716495693    -0.6297266483    -0.8086785674     -0.480368793   -0.09473289549     -1.288743138      -95.4286499     0.6290801167
sym 1
copy 0
copy 1
lim 0
lim 1

1
mul 0
mul 1
cube 0
cube 1
matrix 0
matrix 1
col 0
col 1
col 0
col 1
sym 0
svd status 0
Eigenvalues
     78.18062592  1.542270184e-06 -2.650852139e-06  6.243658845e-06 -1.493855052e-06 -1.831528721e-06  2.326766435e-06   -1.5254044e-06 -7.623238503e-07  3.436403802e-07
               0      38.59740067   2.31858553e-06 -2.354139724e-06  4.363716357e-07 -5.163156516e-07    2.6371888e-06 -2.291631517e-06 -9.346278773e-08 -1.311725669e-06
               0                0       5.21750164  2.707587555e-06  9.110566452e-07  9.344174856e-08  5.501053693e-07 -1.496985419e-06  1.421528282e-07 -1.460114163e-07
               0                0                0       1.82197237 -2.554685352e-07  4.711308463e-07 -1.770788117e-06  2.214061396e-06  4.017013566e-07  1.926663202e-07
               0                0                0                0     0.7421420813  4.041939974e-07 -5.422317031e-07   4.41594608e-07 -1.258237461e-07  1.927999591e-07
               0                0                0                0                0     0.6053075194 -3.749763096e-07  3.848138022e-07 -2.126172234e-07  3.105080566e-07
               0                0                0                0                0                0     0.1382181644  -9.43397481e-07 -4.199494441e-08  3.055598796e-08
               0                0                0                0                0                0                0    0.01640833355  7.659571821e-08 -4.395020312e-07
               0                0                0                0                0                0                0                0    0.02810366452 -2.015560341e-07
               0                0                0                0                0                0                0                0                0     0.3232930303
EigenVectors
  0.02638350427  -0.01821193658    0.1374759525   -0.5938417912    0.3941883445    0.3325199783   -0.5175721645    0.2695014775    0.1447764933 0.0005989164929
  0.01112028025  0.005827778019    0.0394888781  0.007650072221   -0.5966465473    -0.127762422   -0.2941172123    0.5512171388   -0.1688797325    0.4550296366
 -0.01720056497  -0.07644260675    0.1773827523   -0.6732391715   -0.4143874347   -0.1267739236    0.4037004411   0.01862544566   -0.1068489626   -0.3829104006
   -0.327031225    0.9398961663  0.002082779771  -0.06048071012   0.01662051864  -0.02492421679   0.02620513737   0.03971722722  -0.04034191743  -0.03456145152
  -0.9424990416   -0.3255877197  -0.02285446785   0.02774319053  0.002780974144   0.04328141361   -0.0427746512   0.01437973417  -0.02032948285 -0.008092874661
 -0.01070989855    -0.019553883   -0.1884002388   0.07511334866   0.08582461625   -0.6303828955   -0.1500424147    0.3519697189    0.5106534958   -0.3826924562
  0.01666045561  -0.04718449339   -0.0364866592  -0.09415004402    0.3500160873    -0.509581089   -0.1871621162  -0.03158340976   -0.7532392144  -0.04144898057
  0.02104298212  -0.03693848103  -0.03983294591    0.1531082243    0.3290250003    0.2366254926    0.5323726535    0.6988444328   -0.1793401092  -0.07031249255
  0.03074059077  0.003646574682   -0.9414569736   -0.1762138158   -0.1300307661    0.2047026455  -0.05516912416  -0.01891406626    -0.111738719  -0.08337399364
 -0.04301689565  -0.01980764978   -0.1509831399   -0.3472968638    0.2481627911     -0.31558007    0.3689403832  -0.08818162233    0.2535296977    0.6964200139
output 
 0.002983890474 -0.002931413474   0.06018599123   -0.4399465024    0.4575728774    0.4273952544    -1.392157435     2.103918552    0.8636078238   0.00105333887
 0.001257668366 0.0009380456177    0.0172879491   0.00566754071   -0.6925858855   -0.1642158628   -0.7911118269     4.303189754    -1.007386327    0.8002792001
-0.001945329248  -0.01230428647   0.07765690237   -0.4987678826    -0.481019944   -0.1629453152     1.085867047    0.1454033554   -0.6373658776   -0.6734401584
 -0.03698619455    0.1512867212 0.0009118261514  -0.04480701312   0.01929305866   -0.0320356451   0.07048616558    0.3100606799   -0.2406440079   -0.0607846342
  -0.1065936536  -0.05240695924  -0.01000552345   0.02055348642  0.003228148213   0.05563055724    -0.115054585    0.1122583449   -0.1212676167   -0.0142332688
-0.001211255556 -0.003147414653  -0.08248028159   0.05564757437   0.09962500632   -0.8102450371   -0.4035817385     2.747723818      3.04610467   -0.6730568409
 0.001884244615 -0.007594868075  -0.01597359963  -0.06975087523    0.4062978327   -0.6549758315   -0.5034257174   -0.2465623617    -4.493155479  -0.07289801538
 0.002379894489 -0.005945658777  -0.01743857935    0.1134299189    0.3819314241    0.3041399717     1.431967616     5.455672264    -1.069783568    -0.123661451
  0.00347666326 0.0005869566812   -0.4121631384   -0.1305476576    -0.150939405    0.2631088197   -0.1483930498   -0.1476565301   -0.6665338278   -0.1466332376
 -0.00486507453 -0.003188261297  -0.06609933823    -0.257294178    0.2880667746   -0.4056220353     0.992370069   -0.6884078979     1.512332678     1.224822283
sym 1
copy 0
copy 1
lim 0
lim 1

2
mul 0
mul 1
cube 0
cube 1
matrix 0
matrix 1
col 0
col 1
col 0
col 1
sym 0
svd status 0
Eigenvalues
     134.4721375 -2.503395081e-06 -5.069980489e-06 -3.270388788e-06  6.510553249e-06  5.223123935e-06 -7.884429579e-06  5.535183391e-06  8.553471162e-06  1.537454295e-06
               0      52.04257584 -1.017238276e-07  9.943926671e-06  3.618040409e-06  3.184670504e-06 -3.233470125e-06 -1.130232135e-06  4.697697477e-06  7.829252695e-07
               0                0      11.24216652  2.921939313e-07  4.503207947e-06  4.433125923e-06 -3.885100796e-06  1.136077913e-06  5.414030056e-06  7.466700254e-07
               0                0                0      2.554828882  6.325994491e-06  5.405539014e-06 -5.230394891e-06  6.046471412e-07  7.512358479e-06  1.295517563e-06
               0                0                0                0      1.157412171  1.489830215e-08  8.051873692e-07  2.244000825e-06 -1.530548616e-06 -4.404757874e-07
               0                0                0                0                0      0.981898427  4.828866622e-07  2.558181222e-06 -1.240497454e-06 -4.158986258e-07
               0                0                0                0                0                0   0.003513707779 -1.888590418e-06  5.308844493e-07  1.854702276e-07
               0                0                0                0                0                0                0     0.1171533167 -3.084537866e-06   -6.0960582e-07
               0                0                0                0                0                0                0                0     0.1955356747 -1.117876423e-07
               0                0                0                0                0                0                0                0                0     0.1551759541
EigenVectors
-0.003878874704   0.03682648018  -0.09137146175   -0.3243371546    0.3311224282    0.1391164213    0.2713261545   -0.8135377765   -0.1436209381 -0.001133948565
 -0.01503600646   0.01347556151   0.02705253661   -0.3499634266   -0.4652172327   -0.2669002414    0.4723850489    0.1616413146   -0.5767956376   -0.0821762234
-0.001524976688   0.07862026989   -0.2157862186   -0.7109790444    0.1362472177    0.4798791111  -0.04614327103    0.4041942954    0.1652816385  0.009764969349
  -0.2031126618    -0.974093616   -0.0340628922   -0.0876269564   0.01750681922  0.008529597893  -0.01858765259 -0.002423506929  0.002646503039  -0.01761773415
  -0.9771800637    0.2015706301   0.05677198991  0.001693130471  0.003082652111  -0.01426786929  -0.01750049926 -0.003446181538   0.01772480272   0.02042716928
-0.002118545352  -0.03226188943  -0.09158143401    0.1421442926   0.04224393144   0.01430858392    0.5741550326    0.1155942157    0.2645022273    0.7452520132
 -0.03034799173  -0.03007715568   0.01089876704     0.415993154   -0.2191380858    0.7726939917    0.2999261022  0.001435038983    -0.149512738   -0.2600329816
 0.009670721367  0.005329949316   0.03609610349   -0.1836076528   -0.6495445967  -0.03933748975   0.06825079024   -0.2937739193     0.651550889   -0.1609854847
  0.04985864088  -0.02849483304    0.9644485116   -0.1676187217    0.1054472476    0.1236997992   0.05020838976   0.03053362481    0.0404952541   0.08325591683
  0.01077461615 -0.002490564948 -0.001608036808  -0.06399516761   -0.4149918556    0.2544421256   -0.5231298208   -0.2191759646   -0.3171227276    0.5801355839
output 
-0.0003344949801   0.005104824435   -0.02725119516    -0.2029157728      0.307782948     0.1403928846       4.57729435     -2.376842737    -0.3247915804  -0.002878598869
 -0.001296630828   0.001867959509   0.008068317547    -0.2189483941     -0.432425946    -0.2693491876      7.969173908      0.472253412     -1.304394484    -0.2086094469
-0.0001315064437    0.01089820825   -0.06435742974    -0.4448114038     0.1266437024     0.4842822552    -0.7784407139      1.180899382     0.3737761676     0.0247889813
  -0.01751543209       -0.1350272   -0.01015912928   -0.05482224748    0.01627283357   0.008607861586    -0.3135752082   -0.00708054984   0.005984934513   -0.04472371191
  -0.08426717669     0.0279413797      0.016932033   0.001059276983     0.0028653685   -0.01439878438    -0.2952348292   -0.01006840914    0.04008375481    0.05185563862
-0.0001826928783  -0.004472088534   -0.02731381729    0.08893004805    0.03926632926    0.01443987247      9.686041832     0.3377215862     0.5981585979      1.891868472
 -0.002617060672  -0.004169244319   0.003250516253     0.2602587342    -0.2036919296     0.7797839046      5.059777737   0.004192628898    -0.3381156027    -0.6601098776
  0.000833955186  0.0007388285594    0.01076552738    -0.1148708612    -0.6037608385   -0.03969843313      1.151396394    -0.8582937717      1.473449826    -0.4086716473
  0.004299562424   -0.00394990528     0.2876431346    -0.1048676744    0.09801469743     0.1248348132     0.8470196128    0.08920744061    0.09157799184     0.2113503069
 0.0009291496244 -0.0003452379024 -0.0004795909335   -0.04003743827     -0.385740757     0.2567767799     -8.825242043    -0.6403474212    -0.7171571851      1.472710133
sym 1
copy 0
copy 1
lim 0
lim 1

3
mul 0
mul 1
cube 0
cube 1
matrix 0
matrix 1
col 0
col 1
col 0
col 1
sym 0
svd status 0
Eigenvalues
     137.2408447 -8.900649846e-06  1.994511422e-06 -2.227356845e-06  1.404023919e-06  2.747961844e-06  1.518596719e-06  1.206313414e-06  -9.03610453e-06 -2.849576276e-06
               0      53.00076675  2.039128731e-06  4.490453648e-06 -5.339337804e-06 -1.936130047e-06  1.262054496e-07  1.011981567e-06 -6.229239261e-06 -1.695488663e-06
               0                0      16.03577042  2.611409968e-07  1.024500648e-06  1.178061439e-06  7.479180226e-07 -2.478906147e-08   3.50529973e-07 -4.911764222e-07
               0                0                0      4.154911995  2.285126897e-07  1.232017212e-06  1.161946784e-06  1.899523113e-06  1.269348672e-06 -2.026004893e-07
               0                0                0                0      2.095499516  3.166339013e-07 -1.234541742e-06   -1.5362657e-06 -5.361280273e-07  4.804506943e-07
               0                0                0                0                0      1.406758904   7.16222317e-08 -1.544031306e-06 -3.415307219e-07 -4.269201668e-07
               0                0                0                0                0                0     0.6289912462 -3.424549675e-07   5.48305259e-08 -3.727964781e-07
               0                0                0                0                0                0                0   0.001317336457   1.15610726e-06  1.808092875e-08
               0                0                0                0                0                0                0                0     0.0903769657 -4.807814662e-07
               0                0                0                0                0                0                0                0                0     0.2413997203
EigenVectors
 -0.01911422797  -0.01196904574   0.01075663045    0.1232751384   -0.2020520419   -0.4453960955   -0.1824161559   -0.7268350124    0.4214065671    0.0763881281
  0.01885347255  -0.03119967319  0.007762522437    0.1194757298   -0.1495194137   -0.3913501203   -0.1345979422   -0.1774714291   -0.8508055806   -0.1879861802
 -0.03500793129     0.128346324    0.3101847768    0.2321528643   -0.8503646255    0.2705123723      0.16324687   0.07854387164 0.0004962515086   0.05546442047
  -0.1922938526    -0.971924305   0.05928261206  -0.01304043736  -0.09391915798   0.04610691592   0.04159351066   0.01524103805  0.006379119586   0.04185786843
   -0.977756381    0.1830733567  -0.07715731859   0.02599518746   0.04218844697  0.003908269573  -0.03302070126  0.002671580995  -0.03072135523   0.00336167193
 -0.00777267199  0.004467828199  -0.07797349244   -0.2290478945   0.05716923997    0.4845618308     0.393971324   -0.5631332397   -0.1075028479   -0.4684217274
   -0.036471311   0.03382830694  -0.05221549422   -0.7645976543   -0.2929302156    -0.436568737    0.2937465608    0.1810303032    0.0785940513  -0.09248405695
  0.01729501598   0.02615022473   -0.0605498068   -0.4831567705   -0.1084610373    0.3652003706   -0.4604408741   -0.2306877375   -0.2187004387    0.5511089563
  0.05812586844  -0.03879565373   -0.9388674498     0.166871056   -0.2777259052   0.04576578364   0.02651250735   0.07087185234   0.02220118791   0.01880186237
0.0009908356005    0.0300768204  -0.01404058468      0.13201949    0.1585128605   -0.1108655334     0.681856811   -0.1602355093   -0.1774960607    0.6495687366
output 
  -0.00163160509  -0.001644063042   0.002686156658    0.06047760695    -0.1395788044    -0.3755230308     -0.230006963     -20.02568817      1.401755929     0.1554739028
  0.001609346829  -0.004285573959   0.001938464935    0.05861365423    -0.1032889411    -0.3299556971    -0.1697133929     -4.889676094     -2.830097914    -0.3826110959
 -0.002988303779    0.01762959734     0.0774596557     0.1138919815    -0.5874371529     0.2280748039     0.2058365792      2.164033175   0.001650718274     0.1128875688
   -0.0164143499    -0.1335031092    0.01480411366  -0.006397514138   -0.06487993896    0.03887373209    0.05244490132     0.4199196398    0.02121933922    0.08519394696
   -0.0834620297    0.02514687926   -0.01926780306    0.01275299117    0.02914404124   0.003295146162   -0.04163552076    0.07360714674    -0.1021907255   0.006842061412
-0.0006634812453  0.0006136989687   -0.01947161928    -0.1123687103    0.03949286416     0.4085445106     0.4967550635     -15.51539326    -0.3575946987    -0.9533857703
 -0.003113219049   0.004646641668   -0.01303930581    -0.3751043081    -0.2023580074    -0.3680804968     0.3703825176      4.987729549     0.2614332438    -0.1882341951
  0.001476315781   0.003591983812   -0.01512055844    -0.2370321006   -0.07492555678     0.3079082966    -0.5805659294     -6.355886459    -0.7274795175      1.121680379
  0.004961668514  -0.005328954663    -0.2344549298    0.08186534792     -0.191854775    0.03858611733    0.03342939168      1.952654481    0.07384946197    0.03826771304
  8.45784889e-05   0.004131339025  -0.003506229026    0.06476750225     0.1095016673   -0.09347312152     0.8597474098     -4.414793491    -0.5904183388      1.322077036
sym 1
copy 0
copy 1
lim 0
lim 1

4
mul 0
mul 1
cube 0
cube 1
matrix 0
matrix 1
col 0
col 1
col 0
col 1
sym 0
svd status 0
Eigenvalues
     136.2813263 -8.858565707e-06  3.469281864e-06 -4.710643225e-06   3.73907119e-06  2.566447392e-06 -1.107754201e-06  4.750502214e-08 -8.978408346e-07 -1.162955414e-06
               0       54.2632637 -3.170238188e-06  4.945164164e-06  3.013994956e-06 -4.956854482e-08  1.704498004e-06  1.914442237e-06 -6.228697202e-07 -9.340333236e-06
               0                0      20.21117783  6.825755008e-06 -3.086960078e-06 -1.674182954e-06 -2.046999043e-06  -1.54887573e-06  2.480710691e-06  6.375125849e-06
               0                0                0      6.468314648  7.986905985e-06  4.386341516e-06 -1.035521336e-06  1.314738256e-06  1.490039836e-06 -9.671935914e-06
               0                0                0                0      4.545564651  -2.48914921e-06  -5.85195437e-07 -1.047547585e-06 -2.936029205e-06  5.222184882e-06
               0                0                0                0                0     0.6637196541 -1.137901563e-06  -5.52066183e-07 -1.830409929e-06  1.093121796e-06
               0                0                0                0                0                0     0.4191422462  2.473911707e-07  6.576642022e-07 -1.671142627e-06
               0                0                0                0                0                0                0     0.2257348746 -3.413897218e-07 -3.696351882e-07
               0                0                0                0                0                0                0                0    0.02940460481 -2.504056738e-06
               0                0                0                0                0                0                0                0                0    0.05431904271
EigenVectors
  0.005891211797  -0.003573544323    0.01653299108   -0.06882707775    0.07194179296     0.1842188686    -0.3992008567   -0.07584608346     0.8786153197     0.1370201409
  0.002911902498  -0.009852917865     0.0124722058    0.05231563002      0.164477706     0.1903683245     0.1243662015     0.1569020152     0.1655202955    -0.9306966662
  -0.03966249898    -0.2668379545    -0.6261096001     0.6862607002     0.2046285123    0.03421211243    0.08396766335   0.007954308763    0.06404640526     0.1000014246
   -0.1902771741     0.9460975528     -0.209320426      0.150931865    0.03320878372  -0.005396845751    0.01629687101 -0.0003252129536    0.02565882169   0.006520747673
   -0.9773640633    -0.1692542732     0.1084757149   -0.01076705474   -0.05619785935    0.02589603327    0.01526399236   0.008472969756   0.009794172831  0.0001586982398
   0.01315352041   0.005831589457   -0.03178911656    -0.2297433019     0.1121563464     0.1107275784     0.7784098983     0.4017198682     0.2989003956     0.2540305853
  -0.05840654299 -0.0004791234096    0.01337420568    -0.2401591688     0.9191704392    -0.2430407405   -0.07972794771    -0.1279622763   -0.09797722846    0.04956961796
  0.009614321403    0.02307416126    0.03074328974   -0.04723810405     0.1788565964     0.9248450398   -0.07758486271   -0.06701332331    -0.2768179178     0.1473996639
   0.05684292689    0.06605506688     0.7415029407     0.6205919385     0.1664783508   -0.01277520601     0.1203170568    0.02217790671    0.06422745436     0.1023496464
 -0.005467379466   0.003175377846   0.003818502417    0.02918303944    0.06692952663   -0.03349819034    -0.4299400449      0.886993885    -0.1268365234    0.07612860203
output 
 0.0005046455772 -0.0004851167323   0.003677524859   -0.02706223913    0.03374328464     0.2261214554    -0.6166102886    -0.1596370935      5.123787403      0.587906599
 0.0002494357177  -0.001337555819   0.002774261869    0.02057007514    0.07714594901     0.2336696684     0.1920974702     0.3302396238     0.9652583599      -3.99330163
 -0.003397519002   -0.03622385487     -0.139269039     0.2698320448    0.09597812593    0.04199402779     0.1296974272    0.01674183644     0.3734969795     0.4290719628
  -0.01629928313     0.1284348816   -0.04656030238     0.0593451634    0.01557611208  -0.006624416914    0.02517233603 -0.0006844921736     0.1496335715    0.02797830105
  -0.08372172713   -0.02297664993    0.02412885427  -0.004233517218   -0.02635881491     0.0317863673    0.02357693948    0.01783348806    0.05711630359  0.0006809199695
  0.001126740244  0.0007916514296  -0.007071029395   -0.09033317119    0.05260535702     0.1359137744      1.202340961     0.8455201387       1.74308598      1.089958429
 -0.005003147759 -6.504208432e-05   0.002974898787   -0.09442860633     0.4311239421    -0.2983230054    -0.1231487095    -0.2693286836    -0.5713700652     0.2126863003
 0.0008235698915   0.003132369602   0.006838400383   -0.01857363246    0.08389016986       1.13521111    -0.1198384762    -0.1410463303     -1.614308476     0.6324416399
  0.004869207274   0.008967124857      0.164936617     0.2440116405    0.07808432728   -0.01568106562      0.185843125    0.04667896405     0.3745527864      0.439147383
 -0.000468339771    0.00043106472    0.00084937067    0.01147453021    0.03139235079   -0.04111771658     -0.664090395      1.866900921    -0.7396677136     0.3266418278
sym 1
copy 0
copy 1
lim 0
lim 1

5
mul 0
mul 1
cube 0
cube 1
matrix 0
matrix 1
col 0
col 1
col 0
col 1
sym 0
svd status 0
Eigenvalues
     136.2445984 -2.441927791e-06  8.629534932e-06 -2.768251306e-06  1.855149094e-06  2.138507853e-06 -1.245379337e-07 -5.970098755e-06  5.603299996e-06  2.640689889e-09
               0      58.56757736 -2.206516228e-06 -1.455618076e-06  2.435133183e-06 -1.094628988e-05  4.758609577e-07 -1.926890491e-06  7.031292171e-06 -2.575279495e-06
               0                0      27.03096771  1.670625238e-06 -8.591321716e-07  5.378530204e-06   -3.1933115e-07  1.897753123e-06 -2.475585006e-06 -8.244398941e-07
               0                0                0      7.226726532  3.576278687e-07 -1.340337008e-06  3.051340229e-07 -1.089880811e-06  1.306895683e-06 -6.547751923e-07
               0                0                0                0      6.454605103  1.806195428e-06 -4.688203319e-07  6.050295838e-07 -5.767348057e-07 -2.783039577e-07
               0                0                0                0                0      1.264480233 -5.484006351e-07  1.105806064e-06 -3.575131302e-07  6.548074793e-07
               0                0                0                0                0                0     0.5926843286  6.133852537e-08 -4.504136086e-07  1.499812896e-07
               0                0                0                0                0                0                0     0.2226679325  8.050581357e-08 -2.086777897e-07
               0                0                0                0                0                0                0                0   0.003472254844 -3.891985898e-07
               0                0                0                0                0                0                0                0                0    0.03957616165
EigenVectors
  -0.01735357009    0.02374308929   -0.02274607308    0.02919421531    0.02614975162     -0.529741168    0.09643865377     0.3804370165    -0.6850681305     0.3051216006
  0.007098068018   -0.04452141374   0.007304362021   -0.03150491416    0.02272023819    -0.5154060125    -0.1283725351    -0.3296278417     0.4709343314     0.6195608377
  -0.07530262321     0.4856710136      0.749148488    -0.3074752092     0.3156176805   -0.01636655442    0.04957564548   0.009177865461    0.01352473442  -0.009019122459
   -0.1742659807    -0.8596990705     0.4504357576   -0.08313660324     0.1240988299   -0.02053369395    0.03055347688    0.02939159423   -0.02492790297   -0.05003689229
   -0.9783915877     0.1099721491     -0.158163473   -0.03051826172   -0.05702105537   -0.01330758445   -0.01360028237   -0.00614474155    0.02784638852   -0.01680826023
   0.01905672997    0.02547124773   -0.02207404748    0.08297455311     0.0216904562    -0.5743543506      0.277238369    -0.4406588972   -0.03387834504    -0.6237583756
  -0.05730275437    0.01077444758   -0.06355039775     0.6055882573      0.713544786      0.172066927     0.1285013705      -0.19579795    -0.1004584506      0.148762539
   0.01010774262    0.01573308744   -0.04953936115     0.1920795888     0.2592952549    -0.3008601367    -0.2505026162     0.6669607162     0.4572567046    -0.2930466831
   0.05109246075    -0.0968388021    -0.4503053129    -0.6966021061      0.542891562    0.00955309812    0.06010242924   -0.01537309773   -0.01966522262   -0.03039825335
-0.0001361509931  -0.003336793277   -0.02329910547 -0.0003667002602   -0.09461298585    0.05259528756     0.9005033374     0.2608393431      0.294300437     0.1489037871
output 
 -0.001486720052   0.003102477174  -0.004374975804    0.01085990388    0.01029278152    -0.4710941315     0.1252677888     0.8062206507     -11.62593746      1.533755541
 0.0006081077154  -0.005817552563   0.001404919662   -0.01171945687   0.008942893706    -0.4583460093    -0.1667479128     -0.698546052      7.991983414      3.114347935
 -0.006451348308    0.06346197426     0.1440910846    -0.1143771484     0.1242300048    -0.0145546319    0.06439566612    0.01944969781     0.2295212895   -0.04533644393
  -0.01492976584    -0.1123357117    0.08663673699   -0.03092583641     0.0488464348   -0.01826043241    0.03968705982    0.06228655577    -0.4230385721    -0.2515205741
  -0.08382104337    0.01436991151   -0.03042113408   -0.01135243382   -0.02244400792   -0.01183431689   -0.01766591705   -0.01302191243      0.472566694   -0.08449012041
  0.001632633735   0.003328293329  -0.004245718475    0.03086555563   0.008537561633    -0.5107682347     0.3601153195     -0.933842659    -0.5749319196     -3.135447741
 -0.004909258336   0.001407882432   -0.01222327258     0.2252716869     0.2808577418     0.1530175954     0.1669152528    -0.4149342775     -1.704828501     0.7477850318
 0.0008659534506   0.002055821242  -0.009528391995     0.0714513436     0.1020609811    -0.2675522566    -0.3253872693      1.413420558      7.759867668     -1.473058462
  0.004377208184   -0.01265379414   -0.08661164343    -0.2591277659     0.2136870772    0.00849548541    0.07806929946   -0.03257860988    -0.3337283432     -0.152802974
-1.166436687e-05 -0.0004360142339  -0.004481345881 -0.0001364081691   -0.03724053502    0.04677252471      1.169697642     0.5527697206      4.994421005     0.7484950423
sym 1
copy 0
copy 1
lim 0
lim 1

6
mul 0
mul 1
cube 0
cube 1
matrix 0
matrix 1
col 0
col 1
col 0
col 1
sym 0
svd status 0
Eigenvalues
     135.9417877  2.238026354e-06  3.162716666e-06  2.523018111e-06  4.091043877e-07  2.697794116e-06 -3.191306064e-07  2.944795824e-06  2.564376928e-06  5.678954835e-07
               0      62.20054626   5.52829124e-06 -8.367125702e-06 -3.013356945e-06  3.589570269e-06 -5.241569667e-08  8.436302323e-07 -5.606786999e-06  2.190461373e-06
               0                0      31.45972061  1.437331321e-07  6.820080785e-07  -2.55495047e-06 -9.038011513e-07  5.429395969e-06  7.319537417e-06  -6.02871296e-07
               0                0                0      6.959347248 -3.948807716e-07  2.017959559e-06  -3.06532138e-06 -2.267398713e-06  1.708409513e-06 -2.852568514e-06
               0                0                0                0      5.202228069  1.375243642e-06 -3.599464549e-07 -2.019195563e-06 -2.545553343e-06 -4.007522136e-07
               0                0                0                0                0      1.507352829  1.170701694e-06  8.054253726e-07 -2.181379699e-07  1.096471124e-06
               0                0                0                0                0                0     0.9637004137  5.858464078e-07  1.075897899e-06 -3.761802247e-07
               0                0                0                0                0                0                0     0.2452842444  3.461926497e-07 -1.402028374e-06
               0                0                0                0                0                0                0                0    0.02764492668 -1.767533831e-06
               0                0                0                0                0                0                0                0                0    0.04124857113
EigenVectors
  0.01105827931 -0.004096606281  -0.01101824548   0.03819747269   0.01407312322   -0.1425532252     0.581966877   -0.6804431081    0.3347974122   -0.2528997362
 -0.01010905299 -0.001279290416 0.0008947451133   0.07963546365  -0.03400240093    -0.305026412    0.2939344943    0.6053001881    0.6602122784    0.1034814119
  -0.1133704484    -0.655343473    -0.673407793   -0.3188408017    0.0250753127  -0.03560599312 -0.009462806396   0.00831294246   0.01939017512  -0.01016334165
  -0.1555793434    0.7459073067   -0.6302726269   -0.1394530535   0.03513893858  -0.01726387255  -0.01932454295 0.0007746978081   0.02143656276  -0.01897103526
   -0.978202045  -0.03657922149    0.1921394169   0.01216794178  -0.06347732991 -0.003812827403 -0.006168690976  -0.02452586219  0.002616406651  0.005160621367
 -0.01370423567 -0.007164984941  -0.01396885328   0.04924461246  -0.06742243469   0.03196790442    0.2591598332    0.3682195842   -0.3179398477   -0.8293430805
 -0.05427663401 -0.005855209194    0.0554070659 -0.009258040227    0.9682756662   -0.1081341133    0.1368216574   0.07417204231   -0.1357503086   0.04429195076
 0.009376819246 -0.006184081547   0.06020155177  -0.01992188394    0.1594656259   -0.2517676055   -0.6940811872   -0.1565977782    0.4209803045   -0.4727448821
  0.04952725396    0.1123816445     0.324403286   -0.9294102192  -0.04435157403  -0.07183609158   0.08166893572   0.03903125972  0.008471203968  -0.02200099267
 -0.01279562153 -0.006088442635   0.01056843717  -0.06506481767    0.1524891704    0.8965461254   0.01065984741   0.05295485631    0.3929095566    -0.105356209
output 
 0.0009484426118 -0.0005194301484  -0.001964422874    0.01447939314   0.006170150824    -0.1161099896     0.5928260088     -1.373906016      2.013605356     -1.245213747
-0.0008670297102  -0.000162207929  0.0001595224749    0.03018715978    -0.0149078453    -0.2484448403     0.2994191349      1.222182393      3.970780373     0.5095160604
